 <pre>

 Contingency table for Cloud base (m)
 Selection: ALL     32 stations
Period: 20180601-20180614
Used {00,12} + 01 02 ... 24
 Limits    70.0000000       150.000000       300.000000       600.000000       1000.00000       1500.00000       2500.00000       5000.00000    
 Each class is data <= limit, the very last > last limit
 Total number of values       16027
                                                       OBSERVATION
                                    349      116       45       22       10       19       33       31        3 |       628
                                    144      118       74       45       10        9       22       16        1 |       439
                                    120      159      256      186       39       25       39       25        6 |       855
                                    109      121      312      616      256      166       49       34        8 |      1671
              2500m_NoWOPTNoSC       82       93      202      771     1111      574      106      106       29 |      3074
                                     91       55      102      414      856      945      156       73       36 |      2728
                                     57       34       32      149      176      259      168       61       25 |       961
                                     29       17       13       77       69       75      108      180       19 |       587
                                    228      155      177      555      990     1222      584      704      469 |      5084

                    SUM            1209      868     1213     2835     3517     3294     1265     1230      596 |     16027
                                                       OBSERVATION
                                    302       95       19       13        5       24       22       31        2 |       513
                                    146       76       39       19       12        4       13        5        0 |       314
                                    121      171      213       98       20       21       10       11        3 |       668
                                    116      153      386      597      247      140       56       39       14 |      1748
               750m_NoWOPTNoSC       87       77      169      725     1042      557      103       55       29 |      2844
                                     73       50       69      361      664      725       74       59       16 |      2091
                                     34       36       46      182      212      316      145       33       21 |      1025
                                     26       18       15      115       87      121      150      162       27 |       721
                                    304      192      257      725     1228     1386      692      835      484 |      6103

                    SUM            1209      868     1213     2835     3517     3294     1265     1230      596 |     16027

