 <pre>

 Contingency table for Rh2m (%)
 Selection: ALL     33 stations
Period: 20180601-20180614
Used {00,12} + 01 02 ... 24
 Limits    30.0000000       50.0000000       65.0000000       75.0000000       85.0000000       95.0000000       100.000000    
 Each class is data <= limit, the very last > last limit
 Total number of values       22140
                                              OBSERVATION
                                      0        0        0        0        0        0        0        0 |         0
                                      0       12       29        2        0        0        0        0 |        43
                                      0      125      742      426      104       11        0        0 |      1408
              2500m_NoWOPTNoSC        0       66      957     1805      985      223       17        0 |      4053
                                      0        6      287     1441     2970     1573      162        0 |      6439
                                      0        7       91      364     1730     3737     1206        0 |      7135
                                      0        0        7       53      159     1037     1575        0 |      2831
                                      0        0        0        0        0       16      215        0 |       231

                    SUM               0      216     2113     4091     5948     6597     3175        0 |     22140
                                              OBSERVATION
                                      0        0        0        0        0        0        0        0 |         0
                                      0       44      143       32        7        0        0        0 |       226
                                      0      117      826      672      261       25        0        0 |      1901
               750m_NoWOPTNoSC        0       43      774     1792     1422      412       16        0 |      4459
                                      0        7      277     1254     2808     1906      258        0 |      6510
                                      0        5       87      305     1355     3463     1338        0 |      6553
                                      0        0        6       36       92      752     1284        0 |      2170
                                      0        0        0        0        3       39      279        0 |       321

                    SUM               0      216     2113     4091     5948     6597     3175        0 |     22140

