 <pre>

 Contingency table for Cloud base (m)
 Selection: ALL     32 stations
Period: 20180601-20180614
Used {00} + 01 02 ... 24
 Limits    70.0000000       150.000000       300.000000       600.000000       1000.00000       1500.00000       2500.00000       5000.00000    
 Each class is data <= limit, the very last > last limit
 Total number of values        8000
                                                       OBSERVATION
                                    198       61       24       12        4       11       21       14        0 |       345
                                     75       67       36       17        7        4       15        6        0 |       227
                                     62       81      134       95       18       12       25       15        1 |       443
                                     52       53      138      298      131       80       25       17        4 |       798
              2500m_NoWOPTNoSC       39       45      113      389      554      291       56       52       17 |      1556
                                     50       28       53      208      419      465       67       35       19 |      1344
                                     33       21       20       76       85      115      111       35       16 |       512
                                     18       14        6       35       29       30       42       84       13 |       271
                                    130       86       96      254      476      593      286      354      229 |      2504

                    SUM             657      456      620     1384     1723     1601      648      612      299 |      8000
                                                       OBSERVATION
                                    158       48        8        6        4       17       12       17        1 |       271
                                     74       40       17       11        8        3        6        2        0 |       161
                                     69       89      122       50       11       13        6        5        0 |       365
                                     71       82      196      302      132       74       30       24       10 |       921
               750m_NoWOPTNoSC       43       35       84      355      494      268       48       19       12 |      1358
                                     36       27       39      174      340      345       29       31       13 |      1034
                                     19       23       22       80       94      151       83       18       14 |       504
                                     14       11        7       59       39       54       72       90       12 |       358
                                    173      101      125      347      601      676      362      406      237 |      3028

                    SUM             657      456      620     1384     1723     1601      648      612      299 |      8000

