 <pre>

 Contingency table for Rh2m (%)
 Selection: Ireland     28 stations
Period: 20180601-20180614
Used {00,12} + 01 02 ... 24
 Limits    30.0000000       50.0000000       65.0000000       75.0000000       85.0000000       95.0000000       100.000000    
 Each class is data <= limit, the very last > last limit
 Total number of values       18784
                                              OBSERVATION
                                      0        0        0        0        0        0        0        0 |         0
                                      0       11       28        2        0        0        0        0 |        41
                                      0      103      652      398       98       10        0        0 |      1261
              2500m_NoWOPTNoSC        0       59      820     1506      848      193       12        0 |      3438
                                      0        6      261     1215     2338     1244      141        0 |      5205
                                      0        7       88      343     1450     3144     1037        0 |      6069
                                      0        0        7       51      148      960     1405        0 |      2571
                                      0        0        0        0        0       15      184        0 |       199

                    SUM               0      186     1856     3515     4882     5566     2779        0 |     18784
                                              OBSERVATION
                                      0        0        0        0        0        0        0        0 |         0
                                      0       21       90       22        5        0        0        0 |       138
                                      0      111      688      549      198       24        0        0 |      1570
               750m_NoWOPTNoSC        0       42      717     1480     1101      345       15        0 |      3700
                                      0        7      268     1137     2303     1482      228        0 |      5425
                                      0        5       87      292     1181     2950     1085        0 |      5600
                                      0        0        6       35       91      726     1189        0 |      2047
                                      0        0        0        0        3       39      262        0 |       304

                    SUM               0      186     1856     3515     4882     5566     2779        0 |     18784

