 <pre>

 Contingency table for Cloud base (m)
 Selection: Ireland     27 stations
Period: 20180601-20180614
Used {00,12} + 01 02 ... 24
 Limits    70.0000000       150.000000       300.000000       600.000000       1000.00000       1500.00000       2500.00000       5000.00000    
 Each class is data <= limit, the very last > last limit
 Total number of values       13899
                                                       OBSERVATION
                                    300      114       39       16        4       19       33       31        1 |       557
                                    125      103       68       36        8        8       20       15        1 |       384
                                    104      138      235      162       30       20       38       22        6 |       755
                                    101      117      298      526      239      141       47       32        5 |      1506
              2500m_NoWOPTNoSC       69       89      196      675     1005      492       85       92       17 |      2720
                                     84       53       92      379      778      814      122       57       28 |      2407
                                     52       32       29      123      160      207      136       53       22 |       814
                                     20       14       12       70       56       71      103      155       19 |       520
                                    185      144      166      499      888      948      459      584      363 |      4236

                    SUM            1040      804     1135     2486     3168     2720     1043     1041      462 |     13899
                                                       OBSERVATION
                                    255       92       19       11        3       21       22       30        2 |       455
                                    123       70       36       13       10        2       13        4        0 |       271
                                    101      156      198       85       16       15       10       11        3 |       595
                                    110      146      367      548      225      114       52       38       14 |      1614
               750m_NoWOPTNoSC       75       73      157      621      968      501       88       42       29 |      2554
                                     63       46       64      331      616      610       57       52       12 |      1851
                                     26       31       41      149      195      263      115       30       13 |       863
                                     21       18       12       93       69      110      140      146       27 |       636
                                    266      172      241      635     1066     1084      546      688      362 |      5060

                    SUM            1040      804     1135     2486     3168     2720     1043     1041      462 |     13899

